<html><body><h1>TABLAS DE CONTINGENCIA</h1>Margins computed over dimensions
in the following order:
1: 
2: 
<h2> Parental_Involvement vs Access_to_Resources </h2><pre>        
         High  Low Medium Total
  High    568  413    927  1908
  Low     414  231    692  1337
  Medium  993  669   1700  3362
  Total  1975 1313   3319  6607
</pre>Margins computed over dimensions
in the following order:
1: 
2: 
<h2> Parental_Involvement vs Extracurricular_Activities </h2><pre>        
           No  Yes Total
  High    808 1100  1908
  Low     528  809  1337
  Medium 1333 2029  3362
  Total  2669 3938  6607
</pre>Margins computed over dimensions
in the following order:
1: 
2: 
<h2> Parental_Involvement vs Motivation_Level </h2><pre>        
         High  Low Medium Total
  High    359  574    975  1908
  Low     278  368    691  1337
  Medium  682  995   1685  3362
  Total  1319 1937   3351  6607
</pre>Margins computed over dimensions
in the following order:
1: 
2: 
<h2> Parental_Involvement vs Internet_Access </h2><pre>        
           No  Yes Total
  High    140 1768  1908
  Low     112 1225  1337
  Medium  247 3115  3362
  Total   499 6108  6607
</pre>Margins computed over dimensions
in the following order:
1: 
2: 
<h2> Parental_Involvement vs Family_Income </h2><pre>        
         High  Low Medium Total
  High    369  768    771  1908
  Low     251  571    515  1337
  Medium  649 1333   1380  3362
  Total  1269 2672   2666  6607
</pre>Margins computed over dimensions
in the following order:
1: 
2: 
<h2> Parental_Involvement vs Teacher_Quality </h2><pre>        
         High  Low Medium Total
  High    574  178   1156  1908
  Low     390  149    798  1337
  Medium 1009  342   2011  3362
  Total  1973  669   3965  6607
</pre>Margins computed over dimensions
in the following order:
1: 
2: 
<h2> Parental_Involvement vs School_Type </h2><pre>        
         Private Public Total
  High       589   1319  1908
  Low        380    957  1337
  Medium    1040   2322  3362
  Total     2009   4598  6607
</pre>Margins computed over dimensions
in the following order:
1: 
2: 
<h2> Parental_Involvement vs Peer_Influence </h2><pre>        
         Negative Neutral Positive Total
  High        386     735      787  1908
  Low         304     511      522  1337
  Medium      687    1346     1329  3362
  Total      1377    2592     2638  6607
</pre>Margins computed over dimensions
in the following order:
1: 
2: 
<h2> Parental_Involvement vs Learning_Disabilities </h2><pre>        
           No  Yes Total
  High   1698  210  1908
  Low    1196  141  1337
  Medium 3018  344  3362
  Total  5912  695  6607
</pre>Margins computed over dimensions
in the following order:
1: 
2: 
<h2> Parental_Involvement vs Parental_Education_Level </h2><pre>        
         College High School Postgraduate Total
  High       600         939          369  1908
  Low        422         645          270  1337
  Medium     996        1681          685  3362
  Total     2018        3265         1324  6607
</pre>Margins computed over dimensions
in the following order:
1: 
2: 
<h2> Parental_Involvement vs Distance_from_Home </h2><pre>        
          Far Moderate Near Total
  High    181      596 1131  1908
  Low     142      415  780  1337
  Medium  342     1008 2012  3362
  Total   665     2019 3923  6607
</pre>Margins computed over dimensions
in the following order:
1: 
2: 
<h2> Parental_Involvement vs Gender </h2><pre>        
         Female Male Total
  High      842 1066  1908
  Low       564  773  1337
  Medium   1387 1975  3362
  Total    2793 3814  6607
</pre>Margins computed over dimensions
in the following order:
1: 
2: 
<h2> Access_to_Resources vs Extracurricular_Activities </h2><pre>        
           No  Yes Total
  High    795 1180  1975
  Low     509  804  1313
  Medium 1365 1954  3319
  Total  2669 3938  6607
</pre>Margins computed over dimensions
in the following order:
1: 
2: 
<h2> Access_to_Resources vs Motivation_Level </h2><pre>        
         High  Low Medium Total
  High    382  566   1027  1975
  Low     265  407    641  1313
  Medium  672  964   1683  3319
  Total  1319 1937   3351  6607
</pre>Margins computed over dimensions
in the following order:
1: 
2: 
<h2> Access_to_Resources vs Internet_Access </h2><pre>        
           No  Yes Total
  High    156 1819  1975
  Low      89 1224  1313
  Medium  254 3065  3319
  Total   499 6108  6607
</pre>Margins computed over dimensions
in the following order:
1: 
2: 
<h2> Access_to_Resources vs Family_Income </h2><pre>        
         High  Low Medium Total
  High    381  831    763  1975
  Low     238  533    542  1313
  Medium  650 1308   1361  3319
  Total  1269 2672   2666  6607
</pre>Margins computed over dimensions
in the following order:
1: 
2: 
<h2> Access_to_Resources vs Teacher_Quality </h2><pre>        
         High  Low Medium Total
  High    589  209   1177  1975
  Low     412  135    766  1313
  Medium  972  325   2022  3319
  Total  1973  669   3965  6607
</pre>Margins computed over dimensions
in the following order:
1: 
2: 
<h2> Access_to_Resources vs School_Type </h2><pre>        
         Private Public Total
  High       642   1333  1975
  Low        397    916  1313
  Medium     970   2349  3319
  Total     2009   4598  6607
</pre>Margins computed over dimensions
in the following order:
1: 
2: 
<h2> Access_to_Resources vs Peer_Influence </h2><pre>        
         Negative Neutral Positive Total
  High        427     759      789  1975
  Low         274     525      514  1313
  Medium      676    1308     1335  3319
  Total      1377    2592     2638  6607
</pre>Margins computed over dimensions
in the following order:
1: 
2: 
<h2> Access_to_Resources vs Learning_Disabilities </h2><pre>        
           No  Yes Total
  High   1773  202  1975
  Low    1172  141  1313
  Medium 2967  352  3319
  Total  5912  695  6607
</pre>Margins computed over dimensions
in the following order:
1: 
2: 
<h2> Access_to_Resources vs Parental_Education_Level </h2><pre>        
         College High School Postgraduate Total
  High       589         996          390  1975
  Low        389         660          264  1313
  Medium    1040        1609          670  3319
  Total     2018        3265         1324  6607
</pre>Margins computed over dimensions
in the following order:
1: 
2: 
<h2> Access_to_Resources vs Distance_from_Home </h2><pre>        
          Far Moderate Near Total
  High    207      612 1156  1975
  Low     148      394  771  1313
  Medium  310     1013 1996  3319
  Total   665     2019 3923  6607
</pre>Margins computed over dimensions
in the following order:
1: 
2: 
<h2> Access_to_Resources vs Gender </h2><pre>        
         Female Male Total
  High      841 1134  1975
  Low       561  752  1313
  Medium   1391 1928  3319
  Total    2793 3814  6607
</pre>Margins computed over dimensions
in the following order:
1: 
2: 
<h2> Extracurricular_Activities vs Motivation_Level </h2><pre>       
        High  Low Medium Total
  No     515  801   1353  2669
  Yes    804 1136   1998  3938
  Total 1319 1937   3351  6607
</pre>Margins computed over dimensions
in the following order:
1: 
2: 
<h2> Extracurricular_Activities vs Internet_Access </h2><pre>       
          No  Yes Total
  No     197 2472  2669
  Yes    302 3636  3938
  Total  499 6108  6607
</pre>Margins computed over dimensions
in the following order:
1: 
2: 
<h2> Extracurricular_Activities vs Family_Income </h2><pre>       
        High  Low Medium Total
  No     532 1077   1060  2669
  Yes    737 1595   1606  3938
  Total 1269 2672   2666  6607
</pre>Margins computed over dimensions
in the following order:
1: 
2: 
<h2> Extracurricular_Activities vs Teacher_Quality </h2><pre>       
        High  Low Medium Total
  No     784  292   1593  2669
  Yes   1189  377   2372  3938
  Total 1973  669   3965  6607
</pre>Margins computed over dimensions
in the following order:
1: 
2: 
<h2> Extracurricular_Activities vs School_Type </h2><pre>       
        Private Public Total
  No        820   1849  2669
  Yes      1189   2749  3938
  Total    2009   4598  6607
</pre>Margins computed over dimensions
in the following order:
1: 
2: 
<h2> Extracurricular_Activities vs Peer_Influence </h2><pre>       
        Negative Neutral Positive Total
  No         541    1100     1028  2669
  Yes        836    1492     1610  3938
  Total     1377    2592     2638  6607
</pre>Margins computed over dimensions
in the following order:
1: 
2: 
<h2> Extracurricular_Activities vs Learning_Disabilities </h2><pre>       
          No  Yes Total
  No    2380  289  2669
  Yes   3532  406  3938
  Total 5912  695  6607
</pre>Margins computed over dimensions
in the following order:
1: 
2: 
<h2> Extracurricular_Activities vs Parental_Education_Level </h2><pre>       
        College High School Postgraduate Total
  No        792        1338          539  2669
  Yes      1226        1927          785  3938
  Total    2018        3265         1324  6607
</pre>Margins computed over dimensions
in the following order:
1: 
2: 
<h2> Extracurricular_Activities vs Distance_from_Home </h2><pre>       
         Far Moderate Near Total
  No     272      782 1615  2669
  Yes    393     1237 2308  3938
  Total  665     2019 3923  6607
</pre>Margins computed over dimensions
in the following order:
1: 
2: 
<h2> Extracurricular_Activities vs Gender </h2><pre>       
        Female Male Total
  No      1141 1528  2669
  Yes     1652 2286  3938
  Total   2793 3814  6607
</pre>Margins computed over dimensions
in the following order:
1: 
2: 
<h2> Motivation_Level vs Internet_Access </h2><pre>        
           No  Yes Total
  High     92 1227  1319
  Low     162 1775  1937
  Medium  245 3106  3351
  Total   499 6108  6607
</pre>Margins computed over dimensions
in the following order:
1: 
2: 
<h2> Motivation_Level vs Family_Income </h2><pre>        
         High  Low Medium Total
  High    250  510    559  1319
  Low     374  803    760  1937
  Medium  645 1359   1347  3351
  Total  1269 2672   2666  6607
</pre>Margins computed over dimensions
in the following order:
1: 
2: 
<h2> Motivation_Level vs Teacher_Quality </h2><pre>        
         High  Low Medium Total
  High    411  135    773  1319
  Low     590  159   1188  1937
  Medium  972  375   2004  3351
  Total  1973  669   3965  6607
</pre>Margins computed over dimensions
in the following order:
1: 
2: 
<h2> Motivation_Level vs School_Type </h2><pre>        
         Private Public Total
  High       387    932  1319
  Low        604   1333  1937
  Medium    1018   2333  3351
  Total     2009   4598  6607
</pre>Margins computed over dimensions
in the following order:
1: 
2: 
<h2> Motivation_Level vs Peer_Influence </h2><pre>        
         Negative Neutral Positive Total
  High        286     500      533  1319
  Low         417     737      783  1937
  Medium      674    1355     1322  3351
  Total      1377    2592     2638  6607
</pre>Margins computed over dimensions
in the following order:
1: 
2: 
<h2> Motivation_Level vs Learning_Disabilities </h2><pre>        
           No  Yes Total
  High   1171  148  1319
  Low    1723  214  1937
  Medium 3018  333  3351
  Total  5912  695  6607
</pre>Margins computed over dimensions
in the following order:
1: 
2: 
<h2> Motivation_Level vs Parental_Education_Level </h2><pre>        
         College High School Postgraduate Total
  High       423         647          249  1319
  Low        594         952          391  1937
  Medium    1001        1666          684  3351
  Total     2018        3265         1324  6607
</pre>Margins computed over dimensions
in the following order:
1: 
2: 
<h2> Motivation_Level vs Distance_from_Home </h2><pre>        
          Far Moderate Near Total
  High    144      396  779  1319
  Low     186      615 1136  1937
  Medium  335     1008 2008  3351
  Total   665     2019 3923  6607
</pre>Margins computed over dimensions
in the following order:
1: 
2: 
<h2> Motivation_Level vs Gender </h2><pre>        
         Female Male Total
  High      548  771  1319
  Low       841 1096  1937
  Medium   1404 1947  3351
  Total    2793 3814  6607
</pre>Margins computed over dimensions
in the following order:
1: 
2: 
<h2> Internet_Access vs Family_Income </h2><pre>       
        High  Low Medium Total
  No     102  211    186   499
  Yes   1167 2461   2480  6108
  Total 1269 2672   2666  6607
</pre>Margins computed over dimensions
in the following order:
1: 
2: 
<h2> Internet_Access vs Teacher_Quality </h2><pre>       
        High  Low Medium Total
  No     147   50    302   499
  Yes   1826  619   3663  6108
  Total 1973  669   3965  6607
</pre>Margins computed over dimensions
in the following order:
1: 
2: 
<h2> Internet_Access vs School_Type </h2><pre>       
        Private Public Total
  No        162    337   499
  Yes      1847   4261  6108
  Total    2009   4598  6607
</pre>Margins computed over dimensions
in the following order:
1: 
2: 
<h2> Internet_Access vs Peer_Influence </h2><pre>       
        Negative Neutral Positive Total
  No          99     192      208   499
  Yes       1278    2400     2430  6108
  Total     1377    2592     2638  6607
</pre>Margins computed over dimensions
in the following order:
1: 
2: 
<h2> Internet_Access vs Learning_Disabilities </h2><pre>       
          No  Yes Total
  No     450   49   499
  Yes   5462  646  6108
  Total 5912  695  6607
</pre>Margins computed over dimensions
in the following order:
1: 
2: 
<h2> Internet_Access vs Parental_Education_Level </h2><pre>       
        College High School Postgraduate Total
  No        172         235           92   499
  Yes      1846        3030         1232  6108
  Total    2018        3265         1324  6607
</pre>Margins computed over dimensions
in the following order:
1: 
2: 
<h2> Internet_Access vs Distance_from_Home </h2><pre>       
         Far Moderate Near Total
  No      47      149  303   499
  Yes    618     1870 3620  6108
  Total  665     2019 3923  6607
</pre>Margins computed over dimensions
in the following order:
1: 
2: 
<h2> Internet_Access vs Gender </h2><pre>       
        Female Male Total
  No       224  275   499
  Yes     2569 3539  6108
  Total   2793 3814  6607
</pre>Margins computed over dimensions
in the following order:
1: 
2: 
<h2> Family_Income vs Teacher_Quality </h2><pre>        
         High  Low Medium Total
  High    365  137    767  1269
  Low     810  287   1575  2672
  Medium  798  245   1623  2666
  Total  1973  669   3965  6607
</pre>Margins computed over dimensions
in the following order:
1: 
2: 
<h2> Family_Income vs School_Type </h2><pre>        
         Private Public Total
  High       373    896  1269
  Low        833   1839  2672
  Medium     803   1863  2666
  Total     2009   4598  6607
</pre>Margins computed over dimensions
in the following order:
1: 
2: 
<h2> Family_Income vs Peer_Influence </h2><pre>        
         Negative Neutral Positive Total
  High        251     493      525  1269
  Low         577    1038     1057  2672
  Medium      549    1061     1056  2666
  Total      1377    2592     2638  6607
</pre>Margins computed over dimensions
in the following order:
1: 
2: 
<h2> Family_Income vs Learning_Disabilities </h2><pre>        
           No  Yes Total
  High   1126  143  1269
  Low    2406  266  2672
  Medium 2380  286  2666
  Total  5912  695  6607
</pre>Margins computed over dimensions
in the following order:
1: 
2: 
<h2> Family_Income vs Parental_Education_Level </h2><pre>        
         College High School Postgraduate Total
  High       373         640          256  1269
  Low        817        1326          529  2672
  Medium     828        1299          539  2666
  Total     2018        3265         1324  6607
</pre>Margins computed over dimensions
in the following order:
1: 
2: 
<h2> Family_Income vs Distance_from_Home </h2><pre>        
          Far Moderate Near Total
  High    116      400  753  1269
  Low     271      836 1565  2672
  Medium  278      783 1605  2666
  Total   665     2019 3923  6607
</pre>Margins computed over dimensions
in the following order:
1: 
2: 
<h2> Family_Income vs Gender </h2><pre>        
         Female Male Total
  High      539  730  1269
  Low      1129 1543  2672
  Medium   1125 1541  2666
  Total    2793 3814  6607
</pre>Margins computed over dimensions
in the following order:
1: 
2: 
<h2> Teacher_Quality vs School_Type </h2><pre>        
         Private Public Total
  High       612   1361  1973
  Low        198    471   669
  Medium    1199   2766  3965
  Total     2009   4598  6607
</pre>Margins computed over dimensions
in the following order:
1: 
2: 
<h2> Teacher_Quality vs Peer_Influence </h2><pre>        
         Negative Neutral Positive Total
  High        407     793      773  1973
  Low         125     274      270   669
  Medium      845    1525     1595  3965
  Total      1377    2592     2638  6607
</pre>Margins computed over dimensions
in the following order:
1: 
2: 
<h2> Teacher_Quality vs Learning_Disabilities </h2><pre>        
           No  Yes Total
  High   1769  204  1973
  Low     600   69   669
  Medium 3543  422  3965
  Total  5912  695  6607
</pre>Margins computed over dimensions
in the following order:
1: 
2: 
<h2> Teacher_Quality vs Parental_Education_Level </h2><pre>        
         College High School Postgraduate Total
  High       600         965          408  1973
  Low        196         331          142   669
  Medium    1222        1969          774  3965
  Total     2018        3265         1324  6607
</pre>Margins computed over dimensions
in the following order:
1: 
2: 
<h2> Teacher_Quality vs Distance_from_Home </h2><pre>        
          Far Moderate Near Total
  High    197      610 1166  1973
  Low      60      205  404   669
  Medium  408     1204 2353  3965
  Total   665     2019 3923  6607
</pre>Margins computed over dimensions
in the following order:
1: 
2: 
<h2> Teacher_Quality vs Gender </h2><pre>        
         Female Male Total
  High      843 1130  1973
  Low       276  393   669
  Medium   1674 2291  3965
  Total    2793 3814  6607
</pre>Margins computed over dimensions
in the following order:
1: 
2: 
<h2> School_Type vs Peer_Influence </h2><pre>         
          Negative Neutral Positive Total
  Private      417     807      785  2009
  Public       960    1785     1853  4598
  Total       1377    2592     2638  6607
</pre>Margins computed over dimensions
in the following order:
1: 
2: 
<h2> School_Type vs Learning_Disabilities </h2><pre>         
            No  Yes Total
  Private 1798  211  2009
  Public  4114  484  4598
  Total   5912  695  6607
</pre>Margins computed over dimensions
in the following order:
1: 
2: 
<h2> School_Type vs Parental_Education_Level </h2><pre>         
          College High School Postgraduate Total
  Private     596         980          433  2009
  Public     1422        2285          891  4598
  Total      2018        3265         1324  6607
</pre>Margins computed over dimensions
in the following order:
1: 
2: 
<h2> School_Type vs Distance_from_Home </h2><pre>         
           Far Moderate Near Total
  Private  199      611 1199  2009
  Public   466     1408 2724  4598
  Total    665     2019 3923  6607
</pre>Margins computed over dimensions
in the following order:
1: 
2: 
<h2> School_Type vs Gender </h2><pre>         
          Female Male Total
  Private    843 1166  2009
  Public    1950 2648  4598
  Total     2793 3814  6607
</pre>Margins computed over dimensions
in the following order:
1: 
2: 
<h2> Peer_Influence vs Learning_Disabilities </h2><pre>          
             No  Yes Total
  Negative 1225  152  1377
  Neutral  2313  279  2592
  Positive 2374  264  2638
  Total    5912  695  6607
</pre>Margins computed over dimensions
in the following order:
1: 
2: 
<h2> Peer_Influence vs Parental_Education_Level </h2><pre>          
           College High School Postgraduate Total
  Negative     463         655          259  1377
  Neutral      758        1311          523  2592
  Positive     797        1299          542  2638
  Total       2018        3265         1324  6607
</pre>Margins computed over dimensions
in the following order:
1: 
2: 
<h2> Peer_Influence vs Distance_from_Home </h2><pre>          
            Far Moderate Near Total
  Negative  138      422  817  1377
  Neutral   259      761 1572  2592
  Positive  268      836 1534  2638
  Total     665     2019 3923  6607
</pre>Margins computed over dimensions
in the following order:
1: 
2: 
<h2> Peer_Influence vs Gender </h2><pre>          
           Female Male Total
  Negative    605  772  1377
  Neutral    1073 1519  2592
  Positive   1115 1523  2638
  Total      2793 3814  6607
</pre>Margins computed over dimensions
in the following order:
1: 
2: 
<h2> Learning_Disabilities vs Parental_Education_Level </h2><pre>       
        College High School Postgraduate Total
  No       1817        2906         1189  5912
  Yes       201         359          135   695
  Total    2018        3265         1324  6607
</pre>Margins computed over dimensions
in the following order:
1: 
2: 
<h2> Learning_Disabilities vs Distance_from_Home </h2><pre>       
         Far Moderate Near Total
  No     593     1815 3504  5912
  Yes     72      204  419   695
  Total  665     2019 3923  6607
</pre>Margins computed over dimensions
in the following order:
1: 
2: 
<h2> Learning_Disabilities vs Gender </h2><pre>       
        Female Male Total
  No      2484 3428  5912
  Yes      309  386   695
  Total   2793 3814  6607
</pre>Margins computed over dimensions
in the following order:
1: 
2: 
<h2> Parental_Education_Level vs Distance_from_Home </h2><pre>              
                Far Moderate Near Total
  College       202      633 1183  2018
  High School   331      974 1960  3265
  Postgraduate  132      412  780  1324
  Total         665     2019 3923  6607
</pre>Margins computed over dimensions
in the following order:
1: 
2: 
<h2> Parental_Education_Level vs Gender </h2><pre>              
               Female Male Total
  College         866 1152  2018
  High School    1368 1897  3265
  Postgraduate    559  765  1324
  Total          2793 3814  6607
</pre>Margins computed over dimensions
in the following order:
1: 
2: 
<h2> Distance_from_Home vs Gender </h2><pre>          
           Female Male Total
  Far         285  380   665
  Moderate    848 1171  2019
  Near       1660 2263  3923
  Total      2793 3814  6607
</pre>[[1]]
NULL

[[2]]
NULL

[[3]]
NULL

[[4]]
NULL

[[5]]
NULL

[[6]]
NULL

[[7]]
NULL

[[8]]
NULL

[[9]]
NULL

[[10]]
NULL

[[11]]
NULL

[[12]]
NULL

[[13]]
NULL

[[14]]
NULL

[[15]]
NULL

[[16]]
NULL

[[17]]
NULL

[[18]]
NULL

[[19]]
NULL

[[20]]
NULL

[[21]]
NULL

[[22]]
NULL

[[23]]
NULL

[[24]]
NULL

[[25]]
NULL

[[26]]
NULL

[[27]]
NULL

[[28]]
NULL

[[29]]
NULL

[[30]]
NULL

[[31]]
NULL

[[32]]
NULL

[[33]]
NULL

[[34]]
NULL

[[35]]
NULL

[[36]]
NULL

[[37]]
NULL

[[38]]
NULL

[[39]]
NULL

[[40]]
NULL

[[41]]
NULL

[[42]]
NULL

[[43]]
NULL

[[44]]
NULL

[[45]]
NULL

[[46]]
NULL

[[47]]
NULL

[[48]]
NULL

[[49]]
NULL

[[50]]
NULL

[[51]]
NULL

[[52]]
NULL

[[53]]
NULL

[[54]]
NULL

[[55]]
NULL

[[56]]
NULL

[[57]]
NULL

[[58]]
NULL

[[59]]
NULL

[[60]]
NULL

[[61]]
NULL

[[62]]
NULL

[[63]]
NULL

[[64]]
NULL

[[65]]
NULL

[[66]]
NULL

[[67]]
NULL

[[68]]
NULL

[[69]]
NULL

[[70]]
NULL

[[71]]
NULL

[[72]]
NULL

[[73]]
NULL

[[74]]
NULL

[[75]]
NULL

[[76]]
NULL

[[77]]
NULL

[[78]]
NULL

</body></html>